{"topPairs":[{"b":"森","similarity":0.7893258,"a":"上東"},{"b":"上東","similarity":0.7823673,"a":"今村"},{"a":"松浦","b":"上東","similarity":0.7693983},{"a":"森","b":"神野","similarity":0.76766163},{"a":"上東","b":"神野","similarity":0.7643526},{"b":"森","a":"今村","similarity":0.7124556},{"b":"神野","similarity":0.67795193,"a":"森谷"},{"b":"今村","similarity":0.6686428,"a":"松浦"},{"b":"神野","similarity":0.664381,"a":"今村"},{"b":"森","similarity":0.6531961,"a":"松浦"},{"b":"森谷","similarity":0.6242701,"a":"今村"},{"b":"森谷","similarity":0.58488834,"a":"森"},{"b":"森谷","similarity":0.5687722,"a":"上東"},{"b":"神野","similarity":0.55132926,"a":"松浦"},{"b":"森谷","similarity":0.48960093,"a":"松浦"}],"matrix":[[1,0.6686428,0.7693983,0.6531961,0.48960093,0.55132926],[0.6686428,0.9999999,0.7823673,0.7124556,0.6242701,0.664381],[0.7693983,0.7823673,0.9999999,0.7893258,0.5687722,0.7643526],[0.6531961,0.7124556,0.7893258,0.9999999,0.58488834,0.76766163],[0.48960093,0.6242701,0.5687722,0.58488834,1,0.67795193],[0.55132926,0.664381,0.7643526,0.76766163,0.67795193,0.9999999]],"speakers":["松浦","今村","上東","森","森谷","神野"]}